$ANSIBLE_VAULT;1.1;AES256
36396438386538353639613766633938363039633839393534323439393765656234646537333931
3637663465653633343439663961663137386432623239610a366233653863323031326430633433
32313832356239323538346230613134343537323037373962333636656361663265613861336639
3839623664376631640a346430366561303235666433393732636138383633353061653339323332
36353932646436333038636636343933323763626666363136623764626532336561373064393664
64623331613435313334353830646338383836663139663734336233643432356631663136313333
30383531313631616330323335333835303066643763363264376532376333636463303361386531
64653834376262326532653733303939613932333063306662616162663632313938303662643334
39346239393137306337336363356130336366613764383332393834663237366361346566616361
65396231396133333937363763353061333235383335373334393464303731636135343731366239
62383636313039393432376361336137346234626137623739633538653333623665643735333135
65613338666265346564333764626662303864643738343661613462353635303234616139386665
63356162306134376534666364333466646366353134626439313039643261336235343631306162
31303362383966383165373763313433633065306662373436656166656534336139313833643533
62663536663532313364643637323966363534646539663431303531383463363131333761363163
30343638393665393830303766356465306365346435363037363937333632393939623233366234
30643461366431393464623130646265653832656632313132303333616337336536643135626333
62333030336331376435386238323439383533393537366631336431656365383066323864313439
31333031666334666434626139306333323465356633636566316536326666393930356433386230
30323366623338626634626665383033303761336537636434333634646530313062373533376431
35643366323730396338373333666561643664333039363262633231386434663465663761336532
34636165306361373365666336316461316466346231386261623833633761643364666334343737
31316233383863376165393239643139316562333536356633303233346437626263653233336264
61396232346133333232356131323962356365323237616264366532623734383730623662663130
35646365393031356133333965343961336234333338643131343037383330393331303361373561
33373630663964383761333666663335343162656639336565653665396436363463326630643535
66303866396536373162343565666537303565386562313837356533343634663838653766393861
34323935326231623861646164663438383665376332386231363632383738313866323033363331
35613130343266663561623566633932396133323033623261623164633865326461333034303833
62366262636534626261626231366334386139366332303261303666316164663930626266316636
36333234366239303834363964636666613762633731393034633666393133653738316165333761
66636531353664326437376531623238613031333030636565613661633039366539353736636133
38356538636434653361353464623938363061303830333132343831346333663365326632393939
65363637646434383037643839343630666163366230663538333565643635623764613232333636
33386637343462623237333163333435656266633532393361303831396431386636363731626666
36636634653063613262383362626536303633333434353139633130336339386332623437636663
37653736393431643231613038383965393162383362646437396161313334316333616436666365
63663835353931306662663232373839353966313662656539313534356538306261353331393938
64386131626261343436316638386336393330373962623365303233356132613734626632393936
63653534636430343631333961616439663732383831613164336663626339386139613062363037
62663332353138343937363562656338393636663562623231306335343438653466313830333264
37633638343466323532316162643635636566373235643237323762353237643935316264393330
64643036663964333934393835623866366664316537646232376164393762336331396362623234
65383864373465633965376464333834616566393330613337643531336261346638316532373437
65316230333262333933656235613935303561613736666138396136613931633939613932656334
31626466313661653535356138333437633331616463313163336535633537353130383536373131
32613063663339666337613432356639613535383064643033626536383837303630393263363338
39393765373537346435313064616230363039333661346565666666653435343866356230366263
61623434336539656365333665663433386233343737646331336439633065636631393036376333
31323866383536633739623833303134336531303834616465393839613532663764353633623833
36613266313830623366663030343865636562316363353830376638373434313934363031643831
61623862356664653737666434306631316436626430383439653939653536396264366364393230
62396333316231663630643735356639353061386133643538303837613233333334333630613533
63313930353737373538353866616533313339363732333137353630396361623830613730643337
39626239303362623134393337363964643961386463333261333134393930643165616436306235
66633862316632323531333538393638313832313936343262373766613066336233376138616134
63316163336133383464313033626238356665656464313162346266393839326135653033656162
32393661316330386138376362616135393765623264323230663038376537303465663731663331
37366363366637323161323962346335636364373063396566326232343233376461383065666639
66356466313461303237623134663336363433616466316630303463353635623832376263393332
32656136306436626436623033353465393563316632366139616433333965376531623163653839
37383739373532373763306132346164663563636565316130386362383632323333336163663066
39376230616166306131663762656665626635303661313964346136663835616435613835353562
39383233376638303763643035336162366663373331633233353830383461653637393434333465
34643737626137663366643832626637653734366663666432633031343636663036646166326439
65616661646437346535633663393863643237626164666135393966343335646439613464303366
31643665646432316561323734613963323965393265636362623932653361356663303861613634
35343035313134323231616631323539323862336431323162376137316438666234333663333736
30616534326635646139383936666531343733306231316239316666393830646364303939326231
39373065346531646566643765363233353436616233383933356235373761376538366436353263
66626632626162623934623030303034383731363534383764666630363663363538306435616161
64613537643166663730303135383339346534353437373665616164656430633336386566636535
30343962363131626666313961376132643564636133346531383064663566316561633864333634
36316336343337383835313862396438633837373636333266373231393437633461343335396165
39316339356335323838653366363733326565313161353533356661363631666265353536393965
65353337353130623736343739666334333131313132316563633832316233343064633832656663
30396133633035623533376635393935636232646437383834613933663037386435376137323938
30356165363166333362613135353265313038356436326464643964306338636639386164633631
65326336396239663232326339633065636163646437343362366661336166343533633839616335
62653136383030303837386564613965383833316437353831316463396331336131623731613861
35303135343036623666646331353437656165666331653763353333626233363237333962653765
36633631643264666561346137613538653862636432333137636534653239333939323761653664
33323632383462323938353838343663353135303131333464623530383335666337373939616161
64613036643534613034303163663831306562313733333962386433666335316263353038356536
6537
